muestra;valor
1;8175
2;8173
3;8171
4;8171
5;8170
6;8170
7;8170
8;8171
9;8172
10;8172
11;8172
12;8173
13;8173
14;8172
15;8170
16;8169
17;8168
18;8169
19;8169
20;8169
21;8170
22;8171
23;8172
24;8172
25;8172
26;8171
27;8171
28;8171
29;8172
30;8173
31;8173
32;8173
33;8173
34;8172
35;8173
36;8174
37;8176
38;8180
39;8186
40;8196
41;8209
42;8227
43;8251
44;8279
45;8313
46;8354
47;8399
48;8446
49;8492
50;8538
51;8579
52;8613
53;8639
54;8655
55;8653
56;8627
57;8574
58;8502
59;8422
60;8342
61;8271
62;8215
63;8173
64;8147
65;8131
66;8122
67;8117
68;8113
69;8111
70;8111
71;8113
72;8118
73;8123
74;8128
75;8131
76;8134
77;8134
78;8136
79;8138
80;8140
81;8143
82;8145
83;8147
84;8150
85;8151
86;8152
87;8153
88;8155
89;8153
90;8152
91;8153
92;8154
93;8154
94;8154
95;8154
96;8155
97;8157
98;8159
99;8159
100;8159
101;8159
102;8160
103;8161
104;8161
105;8160
106;8161
107;8163
108;8165
109;8167
110;8166
111;8164
112;8164
113;8165
114;8166
115;8167
116;8167
117;8168
118;8169
119;8171
120;8172
121;8173
122;8175
123;8178
124;8180
125;8180
126;8178
127;8176
128;8176
129;8178
130;8180
131;8183
132;8185
133;8187
134;8187
135;8187
136;8190
137;8194
138;8197
139;8197
140;8195
141;8196
142;8197
143;8200
144;8203
145;8204
146;8204
147;8206
148;8209
149;8211
150;8211
151;8214
152;8215
153;8216
154;8219
155;8224
156;8228
157;8230
158;8232
159;8235
160;8237
161;8238
162;8241
163;8244
164;8246
165;8247
166;8248
167;8250
168;8253
169;8255
170;8255
171;8256
172;8256
173;8257
174;8257
175;8253
176;8249
177;8247
178;8244
179;8242
180;8241
181;8241
182;8241
183;8241
184;8240
185;8237
186;8232
187;8228
188;8226
189;8222
190;8219
191;8216
192;8212
193;8207
194;8204
195;8202
196;8198
197;8194
198;8190
199;8187
200;8184
201;8180
202;8177
203;8176
204;8176
205;8175
206;8173
207;8170
208;8167
209;8164
210;8165
211;8166
212;8167
213;8165
214;8160
215;8156
216;8156
217;8155
218;8153
219;8152
220;8152
221;8151
222;8149
223;8150
224;8151
225;8151
226;8151
227;8151
228;8153
229;8156
230;8159
231;8160
232;8159
233;8156
234;8154
235;8155
236;8155
237;8156
238;8157
239;8158
240;8160
241;8162
242;8161
243;8159
244;8159
245;8163
246;8167
247;8166
248;8162
249;8160
250;8162
251;8163
252;8163
253;8162
254;8161
255;8161
256;8161
257;8162
258;8163
259;8163
260;8164
261;8166
262;8167
263;8165
264;8163
265;8163
266;8163
267;8163
268;8162
269;8161
270;8163
271;8167
272;8168
273;8167
274;8165
275;8162
276;8162
277;8163
278;8164
279;8166
280;8166
281;8165
282;8165
283;8163
284;8164
285;8166
286;8167
287;8168
288;8168
289;8167
290;8164
291;8163
292;8164
293;8165
294;8166
295;8168
296;8169
297;8169
298;8167
299;8167
300;8166
301;8167
302;8167
303;8165
304;8163
305;8163
306;8164
307;8165
308;8166
309;8167
310;8167
311;8165
312;8163
313;8163
314;8162
315;8163
316;8166
317;8169
318;8167
319;8165
320;8166
321;8167
322;8167
323;8168
324;8169
325;8169
326;8166
327;8165
328;8167
329;8168
330;8169
331;8169
332;8170
333;8170
334;8169
335;8167
336;8166
337;8168
338;8170
339;8169
340;8166
341;8166
342;8165
343;8164
344;8166
345;8170
346;8171
347;8170
348;8171
349;8171
350;8169
351;8168
352;8168
353;8168
354;8167
355;8167
356;8168
357;8169
358;8171
359;8174
360;8174
361;8174
362;8173
363;8172
364;8171
365;8170
366;8172
367;8174
368;8177
369;8182
370;8186
371;8185
372;8181
373;8178
374;8179
375;8182
376;8186
377;8185
378;8183
379;8186
380;8188
381;8189
382;8190
383;8194
384;8195
385;8194
386;8190
387;8188
388;8187
389;8185
390;8185
391;8184
392;8182
393;8179
394;8176
395;8175
396;8176
397;8177
398;8178
399;8178
400;8179
401;8180
402;8180
403;8177
404;8173
405;8172
406;8173
407;8174
408;8174
409;8173
410;8173
411;8174
412;8174
413;8173
414;8173
415;8173
416;8174
417;8175
418;8175
419;8176
420;8177
421;8177
422;8177
423;8178
424;8179
425;8180
426;8180
427;8180
428;8182
429;8184
430;8184
431;8184
432;8190
433;8201
434;8217
435;8233
436;8254
437;8284
438;8322
439;8364
440;8405
441;8446
442;8489
443;8532
444;8570
445;8601
446;8625
447;8636
448;8627
449;8592
450;8532
451;8458
452;8379
453;8303
454;8240
455;8195
456;8162
457;8144
458;8137
459;8134
460;8130
461;8123
462;8118
463;8116
464;8118
465;8122
466;8126
467;8132
468;8137
469;8139
470;8141
471;8143
472;8145
473;8147
474;8148
475;8150
476;8152
477;8153
478;8154
479;8153
480;8152
481;8151
482;8153
483;8155
484;8156
485;8158
486;8160
487;8161
488;8163
489;8161
490;8159
491;8159
492;8159
493;8162
494;8164
495;8164
496;8164
497;8165
498;8166
499;8166
500;8165
501;8161
502;8160
503;8161
504;8165
505;8168
506;8169
507;8169
508;8169
509;8169
510;8169
511;8168
512;8169
513;8171
514;8174
515;8175
516;8175
517;8173
518;8175
519;8177
520;8178
521;8178
522;8178
523;8178
524;8179
525;8180
526;8182
527;8183
528;8186
529;8187
530;8187
531;8188
532;8190
533;8193
534;8195
535;8196
536;8198
537;8201
538;8203
539;8205
540;8206
541;8208
542;8210
543;8213
544;8212
545;8213
546;8215
547;8220
548;8224
549;8227
550;8228
551;8228
552;8229
553;8231
554;8234
555;8237
556;8239
557;8240
558;8241
559;8242
560;8243
561;8245
562;8245
563;8246
564;8246
565;8246
566;8245
567;8244
568;8243
569;8242
570;8241
571;8240
572;8239
573;8238
574;8236
575;8234
576;8231
577;8229
578;8226
579;8225
580;8223
581;8221
582;8218
583;8214
584;8210
585;8207
586;8203
587;8200
588;8196
589;8193
590;8188
591;8183
592;8178
593;8174
594;8171
595;8169
596;8168
597;8167
598;8166
599;8165
600;8162
601;8160
602;8159
603;8158
604;8158
605;8156
606;8156
607;8156
608;8155
609;8155
610;8153
611;8152
612;8152
613;8151
614;8150
615;8149
616;8149
617;8150
618;8150
619;8150
620;8150
621;8150
622;8149
623;8148
624;8147
625;8147
626;8147
627;8148
628;8149
629;8150
630;8152
631;8153
632;8154
633;8154
634;8154
635;8153
636;8153
637;8154
638;8155
639;8156
640;8156
641;8156
642;8156
643;8156
644;8155
645;8155
646;8155
647;8156
648;8157
649;8156
650;8155
651;8154
652;8153
653;8152
654;8151
655;8151
656;8151
657;8152
658;8154
659;8155
660;8157
661;8159
662;8159
663;8160
664;8160
665;8160
666;8159
667;8158
668;8156
669;8154
670;8155
671;8157
672;8159
673;8159
674;8158
675;8157
676;8156
677;8153
678;8153
679;8154
680;8155
681;8155
682;8155
683;8155
684;8155
685;8157
686;8157
687;8158
688;8158
689;8158
690;8158
691;8158
692;8157
693;8157
694;8156
695;8155
696;8155
697;8154
698;8154
699;8153
700;8153
701;8154
702;8154
703;8156
704;8157
705;8158
706;8158
707;8158
708;8158
709;8158
710;8157
711;8157
712;8155
713;8154
714;8153
715;8153
716;8153
717;8154
718;8154
719;8156
720;8158
721;8159
722;8160
723;8162
724;8162
725;8161
726;8162
727;8162
728;8162
729;8161
730;8161
731;8161
732;8159
733;8157
734;8155
735;8154
736;8152
737;8152
738;8152
739;8154
740;8155
741;8157
742;8159
743;8160
744;8161
745;8162
746;8164
747;8165
748;8167
749;8167
750;8165
751;8162
752;8161
753;8160
754;8161
755;8162
756;8164
757;8165
758;8166
759;8167
760;8168
761;8167
762;8166
763;8167
764;8170
765;8172
766;8172
767;8173
768;8174
769;8173
770;8173
771;8172
772;8173
773;8174
774;8175
775;8175
776;8175
777;8173
778;8172
779;8170
780;8168
781;8166
782;8164
783;8162
784;8160
785;8159
786;8160
787;8162
788;8163
789;8164
790;8163
791;8163
792;8162
793;8162
794;8161
795;8159
796;8158
797;8156
798;8157
799;8158
800;8158
801;8159
802;8159
803;8158
804;8156
805;8155
806;8155
807;8156
808;8158
809;8160
810;8162
811;8163
812;8164
813;8164
814;8164
815;8165
816;8167
817;8167
818;8167
819;8166
820;8168
821;8172
822;8178
823;8187
824;8202
825;8222
826;8250
827;8290
828;8342
829;8398
830;8453
831;8506
832;8557
833;8605
834;8650
835;8687
836;8707
837;8705
838;8676
839;8619
840;8537
841;8439
842;8343
843;8262
844;8200
845;8154
846;8124
847;8106
848;8094
849;8085
850;8080
851;8079
852;8081
853;8085
854;8090
855;8095
856;8100
857;8106
858;8111
859;8116
860;8122
861;8128
862;8132
863;8137
864;8141
865;8145
866;8146
867;8146
868;8145
869;8142
870;8142
871;8144
872;8147
873;8150
874;8153
875;8155
876;8156
877;8156
878;8158
879;8160
880;8160
881;8159
882;8159
883;8161
884;8162
885;8164
886;8164
887;8164
888;8164
889;8165
890;8167
891;8168
892;8169
893;8169
894;8171
895;8174
896;8177
897;8180
898;8182
899;8182
900;8180
901;8179
902;8179
903;8180
904;8182
905;8184
906;8186
907;8188
908;8189
909;8190
910;8193
911;8195
912;8197
913;8198
914;8199
915;8201
916;8202
917;8202
918;8203
919;8204
920;8205
921;8207
922;8209
923;8211
924;8212
925;8215
926;8219
927;8222
928;8225
929;8227
930;8230
931;8233
932;8235
933;8237
934;8238
935;8240
936;8241
937;8244
938;8248
939;8251
940;8254
941;8255
942;8258
943;8260
944;8262
945;8264
946;8266
947;8267
948;8268
949;8268
950;8268
951;8268
952;8268
953;8269
954;8269
955;8268
956;8267
957;8266
958;8263
959;8260
960;8258
961;8255
962;8252
963;8249
964;8246
965;8242
966;8237
967;8234
968;8230
969;8226
970;8222
971;8218
972;8215
973;8212
974;8208
975;8203
976;8200
977;8196
978;8192
979;8188
980;8184
981;8180
982;8176
983;8173
984;8170
985;8166
986;8164
987;8162
988;8161
989;8159
990;8158
991;8156
992;8155
993;8154
994;8154
995;8154
996;8155
997;8155
998;8155
999;8155
1000;8155
1001;8155
1002;8155
1003;8155
1004;8156
1005;8157
1006;8159
1007;8160
1008;8161
1009;8163
1010;8164
1011;8165
1012;8167
1013;8168
1014;8170
1015;8170
1016;8170
1017;8170
1018;8170
1019;8171
1020;8172
1021;8173
1022;8174
1023;8174
1024;8174
1025;8173
1026;8173
1027;8173
1028;8174
1029;8174
1030;8175
1031;8175
1032;8174
1033;8173
1034;8173
1035;8172
1036;8172
1037;8172
1038;8172
1039;8172
1040;8171
1041;8171
1042;8170
1043;8170
1044;8169
1045;8169
1046;8168
1047;8168
1048;8167
1049;8167
1050;8166
1051;8166
1052;8165
1053;8165
1054;8165
1055;8165
1056;8165
1057;8165
1058;8165
1059;8165
1060;8165
1061;8164
1062;8163
1063;8163
1064;8164
1065;8164
1066;8163
1067;8163
1068;8163
1069;8163
1070;8163
1071;8163
1072;8163
1073;8163
1074;8163
1075;8162
1076;8162
1077;8162
1078;8162
1079;8162
1080;8163
1081;8164
1082;8165
1083;8166
1084;8169
1085;8176
1086;8188
1087;8207
1088;8234
1089;8270
1090;8312
1091;8360
1092;8411
1093;8461
1094;8511
1095;8560
1096;8607
1097;8647
1098;8674
1099;8685
1100;8674
1101;8636
1102;8571
1103;8490
1104;8402
1105;8318
1106;8245
1107;8189
1108;8151
1109;8127
1110;8113
1111;8106
1112;8102
1113;8100
1114;8100
1115;8100
1116;8100
1117;8103
1118;8106
1119;8111
1120;8115
1121;8119
1122;8121
1123;8122
1124;8123
1125;8124
1126;8126
1127;8127
1128;8129
1129;8130
1130;8132
1131;8133
1132;8135
1133;8135
1134;8136
1135;8137
1136;8138
1137;8139
1138;8139
1139;8140
1140;8141
1141;8142
1142;8143
1143;8144
1144;8145
1145;8146
1146;8146
1147;8147
1148;8148
1149;8149
1150;8149
1151;8150
1152;8151
1153;8153
1154;8154
1155;8155
1156;8156
1157;8156
1158;8157
1159;8157
1160;8157
1161;8158
1162;8160
1163;8162
1164;8162
1165;8162
1166;8163
1167;8164
1168;8165
1169;8166
1170;8167
1171;8168
1172;8170
1173;8171
1174;8172
1175;8173
1176;8174
1177;8175
1178;8176
1179;8178
1180;8181
1181;8183
1182;8184
1183;8185
1184;8187
1185;8188
1186;8192
1187;8195
1188;8197
1189;8199
1190;8201
1191;8203
1192;8205
1193;8207
1194;8210
1195;8212
1196;8214
1197;8217
1198;8221
1199;8224
1200;8226
1201;8227
1202;8230
1203;8232
1204;8235
1205;8238
1206;8240
1207;8241
1208;8242
1209;8242
1210;8241
1211;8239
1212;8239
1213;8239
1214;8239
1215;8238
1216;8235
1217;8233
1218;8231
1219;8230
1220;8228
1221;8225
1222;8223
1223;8221
1224;8218
1225;8216
1226;8213
1227;8210
1228;8208
1229;8205
1230;8201
1231;8197
1232;8193
1233;8188
1234;8184
1235;8179
1236;8175
1237;8172
1238;8171
1239;8169
1240;8167
1241;8163
1242;8161
1243;8159
1244;8158
1245;8156
1246;8154
1247;8153
1248;8152
1249;8151
1250;8151
1251;8151
1252;8151
1253;8150
1254;8148
1255;8146
1256;8146
1257;8147
1258;8146
1259;8145
1260;8144
1261;8145
1262;8146
1263;8146
1264;8146
1265;8147
1266;8147
1267;8148
1268;8149
1269;8152
1270;8152
1271;8150
1272;8149
1273;8148
1274;8148
1275;8147
1276;8148
1277;8149
1278;8150
1279;8150
1280;8151
1281;8152
1282;8152
1283;8152
1284;8152
1285;8153
1286;8153
1287;8153
1288;8155
1289;8157
1290;8157
1291;8157
1292;8157
1293;8157
1294;8157
1295;8157
1296;8157
1297;8157
1298;8157
1299;8157
1300;8157
1301;8156
1302;8155
1303;8156
1304;8156
1305;8157
1306;8157
1307;8157
1308;8157
1309;8158
1310;8159
1311;8159
1312;8160
1313;8161
1314;8160
1315;8160
1316;8161
1317;8160
1318;8159
1319;8158
1320;8158
1321;8159
1322;8159
1323;8160
1324;8160
1325;8159
1326;8159
1327;8160
1328;8161
1329;8162
1330;8164
1331;8164
1332;8163
1333;8160
1334;8159
1335;8160
1336;8162
1337;8163
1338;8164
1339;8163
1340;8163
1341;8163
1342;8163
1343;8161
1344;8162
1345;8163
1346;8166
1347;8168
1348;8167
1349;8165
1350;8164
1351;8163
1352;8161
1353;8161
1354;8161
1355;8162
1356;8163
1357;8163
1358;8163
1359;8163
1360;8163
1361;8163
1362;8163
1363;8163
1364;8163
1365;8164
1366;8165
1367;8167
1368;8168
1369;8167
1370;8165
1371;8163
1372;8163
1373;8164
1374;8164
1375;8165
1376;8166
1377;8166
1378;8167
1379;8167
1380;8167
1381;8168
1382;8169
1383;8170
1384;8171
1385;8170
1386;8169
1387;8168
1388;8169
1389;8171
1390;8173
1391;8173
1392;8173
1393;8173
1394;8173
1395;8170
1396;8169
1397;8170
1398;8171
1399;8172
1400;8173
1401;8173
1402;8173
1403;8174
1404;8175
1405;8174
1406;8172
1407;8171
1408;8171
1409;8173
1410;8173
1411;8172
1412;8171
1413;8170
1414;8171
1415;8173
1416;8174
1417;8175
1418;8173
1419;8172
1420;8173
1421;8173
1422;8173
1423;8174
1424;8175
1425;8174
1426;8172
1427;8172
1428;8173
1429;8175
1430;8176
1431;8176
1432;8176
1433;8176
1434;8175
1435;8174
1436;8175
1437;8176
1438;8175
1439;8175
1440;8175
1441;8176
1442;8177
1443;8177
1444;8177
1445;8178
1446;8180
1447;8178
1448;8176
1449;8175
1450;8176
1451;8178
1452;8180
1453;8181
1454;8182
1455;8182
1456;8182
1457;8180
1458;8179
1459;8178
1460;8179
1461;8180
1462;8179
1463;8178
1464;8180
1465;8183
1466;8186
1467;8185
1468;8182
1469;8182
1470;8183
1471;8184
1472;8185
1473;8187
1474;8188
1475;8189
1476;8188
1477;8189
1478;8193
1479;8196
1480;8198
1481;8200
1482;8201
1483;8201
1484;8201
1485;8200
1486;8200
1487;8200
1488;8200
1489;8197
1490;8191
1491;8187
1492;8186
1493;8185
1494;8185
1495;8186
1496;8187
1497;8186
1498;8185
1499;8182
1500;8180
1501;8180
1502;8181
1503;8182
1504;8183
1505;8184
1506;8184
1507;8185
1508;8187
1509;8186
1510;8183
1511;8183
1512;8182
1513;8182
1514;8183
1515;8183
1516;8182
1517;8182
1518;8183
1519;8185
1520;8186
1521;8185
1522;8186
1523;8186
1524;8185
1525;8182
1526;8180
1527;8179
1528;8181
1529;8182
1530;8186
1531;8193
1532;8201
1533;8213
1534;8229
1535;8255
1536;8289
1537;8325
1538;8361
1539;8403
1540;8446
1541;8488
1542;8527
1543;8564
1544;8600
1545;8630
1546;8650
1547;8655
1548;8638
1549;8592
1550;8523
1551;8444
1552;8363
1553;8292
1554;8237
1555;8196
1556;8167
1557;8149
1558;8137
1559;8131
1560;8127
1561;8124
1562;8122
1563;8124
1564;8126
1565;8129
1566;8134
1567;8138
1568;8142
1569;8148
1570;8152
1571;8150
1572;8147
1573;8147
1574;8150
1575;8154
1576;8158
1577;8159
1578;8159
1579;8158
1580;8159
1581;8161
1582;8160
1583;8158
1584;8158
1585;8160
1586;8161
1587;8161
1588;8161
1589;8164
1590;8168
1591;8169
1592;8165
1593;8164
1594;8165
1595;8165
1596;8163
1597;8164
1598;8166
1599;8167
1600;8165
1601;8166
1602;8169
1603;8173
1604;8177
1605;8178
1606;8176
1607;8174
1608;8171
1609;8170
1610;8170
1611;8171
1612;8172
1613;8174
1614;8176
1615;8178
1616;8179
1617;8179
1618;8179
1619;8180
1620;8183
1621;8183
1622;8182
1623;8182
1624;8182
1625;8184
1626;8185
1627;8186
1628;8186
1629;8188
1630;8194
1631;8198
1632;8200
1633;8200
1634;8200
1635;8200
1636;8200
1637;8202
1638;8204
1639;8207
1640;8209
1641;8212
1642;8214
1643;8214
1644;8213
1645;8215
1646;8218
1647;8222
1648;8226
1649;8227
1650;8228
1651;8231
1652;8234
1653;8237
1654;8239
1655;8239
1656;8237
1657;8240
1658;8244
1659;8245
1660;8243
1661;8243
1662;8245
1663;8249
1664;8249
1665;8247
1666;8245
1667;8243
1668;8240
1669;8239
1670;8238
1671;8238
1672;8240
1673;8240
1674;8238
1675;8234
1676;8231
1677;8230
1678;8228
1679;8226
1680;8224
1681;8221
1682;8219
1683;8216
1684;8212
1685;8210
1686;8208
1687;8207
1688;8206
1689;8203
1690;8200
1691;8201
1692;8202
1693;8198
1694;8188
1695;8184
1696;8182
1697;8181
1698;8180
1699;8178
1700;8176
1701;8173
1702;8171
1703;8170
1704;8172
1705;8175
1706;8174
1707;8171
1708;8168
1709;8165
1710;8163
1711;8162
1712;8164
1713;8167
1714;8168
1715;8167
1716;8167
1717;8167
1718;8166
1719;8165
1720;8163
1721;8163
1722;8164
1723;8166
1724;8166
1725;8164
1726;8164
1727;8163
1728;8162
1729;8162
1730;8163
1731;8165
1732;8166
1733;8168
1734;8169
1735;8167
1736;8168
1737;8169
1738;8169
1739;8167
1740;8164
1741;8164
1742;8165
1743;8167
1744;8168
1745;8170
1746;8173
1747;8176
1748;8174
1749;8169
1750;8168
1751;8168
1752;8166
1753;8165
1754;8166
1755;8168
1756;8169
1757;8171
1758;8171
1759;8170
1760;8168
1761;8166
1762;8165
1763;8166
1764;8168
1765;8169
1766;8166
1767;8166
1768;8168
1769;8172
1770;8176
1771;8178
1772;8178
1773;8174
1774;8167
1775;8163
1776;8164
1777;8166
1778;8168
1779;8168
1780;8165
1781;8164
1782;8166
1783;8167
1784;8166
1785;8163
1786;8163
1787;8166
1788;8169
1789;8170
1790;8169
1791;8168
1792;8168
1793;8168
1794;8169
1795;8168
1796;8167
1797;8168
1798;8169
1799;8169
1800;8168
1801;8167
1802;8170
1803;8172
1804;8171
1805;8170
1806;8169
1807;8167
1808;8167
1809;8168
1810;8169
1811;8166
1812;8162
1813;8162
1814;8164
1815;8165
1816;8164
1817;8166
1818;8169
1819;8169
1820;8166
1821;8166
1822;8167
1823;8169
1824;8171
1825;8173
1826;8173
1827;8170
1828;8168
1829;8169
1830;8171
1831;8169
1832;8167
1833;8167
1834;8166
1835;8165
1836;8167
1837;8170
1838;8171
1839;8172
1840;8172
1841;8171
1842;8168
1843;8168
1844;8169
1845;8169
1846;8168
1847;8168
1848;8169
1849;8169
1850;8170
1851;8171
1852;8171
1853;8172
1854;8173
1855;8174
1856;8173
1857;8172
1858;8172
1859;8170
1860;8168
1861;8168
1862;8170
1863;8171
1864;8172
1865;8172
1866;8172
1867;8172
1868;8173
1869;8175
1870;8175
1871;8177
1872;8178
1873;8179
1874;8179
1875;8178
1876;8178
1877;8179
1878;8180
1879;8181
1880;8182
1881;8182
1882;8184
1883;8186
1884;8186
1885;8186
1886;8187
1887;8188
1888;8188
1889;8190
1890;8192
1891;8192
1892;8192
1893;8190
1894;8189
1895;8189
1896;8188
1897;8187
1898;8184
1899;8182
1900;8181
1901;8179
1902;8178
1903;8178
1904;8178
1905;8177
1906;8176
1907;8176
1908;8175
1909;8175
1910;8175
1911;8175
1912;8175
1913;8176
1914;8177
1915;8177
1916;8177
1917;8177
1918;8177
1919;8178
1920;8178
1921;8177
1922;8176
1923;8174
1924;8173
1925;8172
1926;8171
1927;8172
1928;8172
1929;8173
1930;8174
1931;8175
1932;8176
1933;8176
1934;8175
1935;8175
1936;8174
1937;8173
1938;8174
1939;8176
1940;8180
1941;8187
1942;8200
1943;8217
1944;8240
1945;8268
1946;8302
1947;8342
1948;8385
1949;8428
1950;8471
1951;8514
1952;8555
1953;8593
1954;8625
1955;8645
1956;8649
1957;8629
1958;8580
1959;8508
1960;8426
1961;8343
1962;8270
1963;8213
1964;8172
1965;8145
1966;8129
1967;8120
1968;8114
1969;8111
1970;8109
1971;8108
1972;8109
1973;8110
1974;8113
1975;8117
1976;8121
1977;8125
1978;8129
1979;8132
1980;8134
1981;8136
1982;8137
1983;8137
1984;8138
1985;8140
1986;8141
1987;8142
1988;8143
1989;8144
1990;8144
1991;8143
1992;8143
1993;8143
1994;8145
1995;8146
1996;8147
1997;8148
1998;8150
1999;8151
2000;8152
2001;8154
2002;8155
2003;8157
2004;8159
2005;8160
2006;8161
2007;8162
2008;8162
2009;8162
2010;8161
2011;8160
2012;8160
2013;8159
2014;8158
2015;8158
2016;8159
2017;8160
2018;8161
2019;8163
2020;8165
2021;8166
2022;8167
2023;8169
2024;8169
2025;8168
2026;8168
2027;8168
2028;8170
2029;8171
2030;8174
2031;8177
2032;8180
2033;8183
2034;8185
2035;8187
2036;8188
2037;8188
2038;8188
2039;8188
2040;8187
2041;8187
2042;8188
2043;8192
2044;8196
2045;8199
2046;8202
2047;8206
2048;8208
2049;8208
2050;8209
2051;8211
2052;8214
2053;8217
2054;8220
2055;8223
2056;8226
2057;8229
2058;8233
2059;8236
2060;8241
2061;8245
2062;8247
2063;8249
2064;8252
2065;8254
2066;8255
2067;8255
2068;8255
2069;8256
2070;8259
2071;8259
2072;8258
2073;8257
2074;8256
2075;8254
2076;8253
2077;8251
2078;8251
2079;8251
2080;8250
2081;8249
2082;8247
2083;8244
2084;8242
2085;8239
2086;8236
2087;8233
2088;8230
2089;8226
2090;8222
2091;8217
2092;8212
2093;8207
2094;8202
2095;8197
2096;8193
2097;8189
2098;8185
2099;8182
2100;8179
2101;8177
2102;8176
2103;8176
2104;8174
2105;8169
2106;8166
2107;8163
2108;8160
2109;8157
2110;8155
2111;8154
2112;8154
2113;8153
2114;8150
2115;8147
2116;8146
2117;8144
2118;8141
2119;8139
2120;8139
2121;8140
2122;8141
2123;8141
2124;8140
2125;8140
2126;8140
2127;8140
2128;8139
2129;8138
2130;8138
2131;8137
2132;8137
2133;8136
2134;8136
2135;8136
2136;8138
2137;8141
2138;8142
2139;8144
2140;8144
2141;8144
2142;8146
2143;8147
2144;8148
2145;8148
2146;8148
2147;8147
2148;8146
2149;8145
2150;8144
2151;8142
2152;8142
2153;8142
2154;8143
2155;8143
2156;8142
2157;8142
2158;8144
2159;8145
2160;8147
2161;8147
2162;8148
2163;8151
2164;8152
2165;8151
2166;8150
2167;8149
2168;8149
2169;8148
2170;8148
2171;8148
2172;8147
2173;8147
2174;8147
2175;8147
2176;8148
2177;8151
2178;8153
2179;8154
2180;8155
2181;8153
2182;8151
2183;8149
2184;8149
2185;8150
2186;8150
2187;8151
2188;8152
2189;8151
2190;8150
2191;8150
2192;8151
2193;8151
2194;8151
2195;8151
2196;8151
2197;8151
2198;8151
2199;8151
2200;8150
2201;8150
2202;8150
2203;8151
2204;8151
2205;8152
2206;8152
2207;8152
2208;8150
2209;8149
2210;8149
2211;8150
2212;8151
2213;8151
2214;8151
2215;8150
2216;8149
2217;8149
2218;8150
2219;8152
2220;8155
2221;8157
2222;8157
2223;8155
2224;8154
2225;8152
2226;8151
2227;8151
2228;8151
2229;8152
2230;8153
2231;8154
2232;8154
2233;8154
2234;8154
2235;8153
2236;8152
2237;8152
2238;8152
2239;8153
2240;8154
2241;8155
2242;8155
2243;8155
2244;8156
2245;8158
2246;8160
2247;8159
2248;8160
2249;8161
2250;8162
2251;8162
2252;8161
2253;8159
2254;8157
2255;8157
2256;8159
2257;8161
2258;8164
2259;8166
2260;8168
2261;8170
2262;8170
2263;8169
2264;8169
2265;8168
2266;8169
2267;8170
2268;8172
2269;8173
2270;8174
2271;8175
2272;8176
2273;8176
2274;8177
2275;8177
2276;8177
2277;8177
2278;8176
2279;8174
2280;8172
2281;8170
2282;8168
2283;8167
2284;8167
2285;8166
2286;8165
2287;8166
2288;8166
2289;8165
2290;8163
2291;8162
2292;8161
2293;8160
2294;8160
2295;8160
2296;8161
2297;8161
2298;8161
2299;8161
2300;8161
2301;8162
2302;8163
2303;8164
2304;8165
2305;8165
2306;8165
2307;8165
2308;8165
2309;8165
2310;8165
2311;8166
2312;8166
2313;8167
2314;8167
2315;8167
2316;8167
2317;8168
2318;8169
2319;8170
2320;8172
2321;8174
2322;8178
2323;8184
2324;8193
2325;8205
2326;8226
2327;8257
2328;8298
2329;8348
2330;8401
2331;8455
2332;8506
2333;8555
2334;8600
2335;8642
2336;8676
2337;8692
2338;8687
2339;8656
2340;8597
2341;8516
2342;8420
2343;8326
2344;8250
2345;8195
2346;8156
2347;8131
2348;8115
2349;8105
2350;8099
2351;8095
2352;8096
2353;8098
2354;8101
2355;8104
2356;8107
2357;8111
2358;8115
2359;8121
2360;8127
2361;8134
2362;8140
2363;8144
2364;8147
2365;8149
2366;8152
2367;8154
2368;8156
2369;8158
2370;8160
2371;8162
2372;8164
2373;8165
2374;8166
2375;8167
2376;8169
2377;8171
2378;8172
2379;8174
2380;8175
2381;8175
2382;8176
2383;8177
2384;8177
2385;8178
2386;8179
2387;8180
2388;8181
2389;8181
2390;8182
2391;8183
2392;8184
2393;8186
2394;8188
2395;8190
2396;8192
2397;8192
2398;8193
2399;8193
2400;8194
2401;8194
2402;8195
2403;8197
2404;8198
2405;8199
2406;8199
2407;8199
2408;8200
2409;8201
2410;8202
2411;8203
2412;8205
2413;8206
2414;8208
2415;8209
2416;8210
2417;8211
2418;8212
2419;8213
2420;8215
2421;8217
2422;8218
2423;8219
2424;8220
2425;8221
2426;8223
2427;8225
2428;8227
2429;8230
2430;8233
2431;8234
2432;8236
2433;8238
2434;8240
2435;8242
2436;8244
2437;8246
2438;8248
2439;8251
2440;8253
2441;8255
2442;8258
2443;8261
2444;8264
2445;8265
2446;8267
2447;8268
2448;8269
2449;8270
2450;8271
2451;8271
2452;8272
2453;8272
2454;8272
2455;8272
2456;8271
2457;8269
2458;8267
2459;8265
2460;8264
2461;8263
2462;8262
2463;8260
2464;8256
2465;8253
2466;8250
2467;8247
2468;8244
2469;8241
2470;8238
2471;8235
2472;8231
2473;8226
2474;8221
2475;8217
2476;8213
2477;8210
2478;8206
2479;8202
2480;8198
2481;8193
2482;8188
2483;8184
2484;8180
2485;8177
2486;8175
2487;8173
2488;8172
2489;8171
2490;8168
2491;8166
2492;8164
2493;8162
2494;8161
2495;8160
2496;8160
2497;8158
2498;8157
2499;8156
2500;8156
2501;8155
2502;8155
2503;8155
2504;8155
2505;8156
2506;8156
2507;8156
2508;8157
2509;8157
2510;8156
2511;8155
2512;8154
2513;8155
2514;8155
2515;8155
2516;8155
2517;8155
2518;8156
2519;8157
2520;8158
2521;8159
2522;8158
2523;8157
2524;8157
2525;8157
2526;8157
2527;8158
2528;8159
2529;8160
2530;8161
2531;8161
2532;8162
2533;8163
2534;8164
2535;8164
2536;8164
2537;8164
2538;8165
2539;8165
2540;8165
2541;8165
2542;8165
2543;8166
2544;8167
2545;8167
2546;8168
2547;8168
2548;8168
2549;8167
2550;8166
2551;8165
2552;8165
2553;8165
2554;8166
2555;8166
2556;8165
2557;8164
2558;8163
2559;8164
2560;8165
2561;8166
2562;8165
2563;8165
2564;8164
2565;8163
2566;8163
2567;8163
2568;8163
2569;8163
2570;8162
2571;8163
2572;8162
2573;8162
2574;8161
2575;8161
2576;8161
2577;8162
2578;8163
2579;8163
2580;8163
2581;8161
2582;8160
2583;8160
2584;8160
2585;8161
2586;8162
2587;8162
2588;8163
2589;8162
2590;8162
2591;8161
2592;8161
2593;8160
2594;8161
2595;8161
2596;8161
2597;8162
2598;8162
2599;8163
2600;8163
2601;8162
2602;8162
2603;8162
2604;8162
2605;8162
2606;8161
2607;8161
2608;8162
2609;8162
2610;8162
2611;8163
2612;8164
2613;8164
2614;8164
2615;8163
2616;8163
2617;8164
2618;8165
2619;8166
2620;8166
2621;8165
2622;8165
2623;8165
2624;8165
2625;8164
2626;8165
2627;8165
2628;8165
2629;8166
2630;8166
2631;8167
2632;8167
2633;8168
2634;8168
2635;8170
2636;8171
2637;8173
2638;8174
2639;8173
2640;8172
2641;8172
2642;8172
2643;8174
2644;8178
2645;8180
2646;8180
2647;8177
2648;8174
2649;8173
2650;8174
2651;8175
2652;8177
2653;8178
2654;8180
2655;8181
2656;8182
2657;8182
2658;8183
2659;8184
2660;8185
2661;8186
2662;8186
2663;8186
2664;8184
2665;8180
2666;8177
2667;8176
2668;8176
2669;8176
2670;8174
2671;8174
2672;8175
2673;8175
2674;8173
2675;8171
2676;8171
2677;8171
2678;8170
2679;8170
2680;8171
2681;8171
2682;8171
2683;8170
2684;8169
2685;8169
2686;8169
2687;8169
2688;8170
2689;8171
2690;8171
2691;8171
2692;8171
2693;8171
2694;8170
2695;8171
2696;8173
2697;8175
2698;8175
2699;8175
2700;8174
2701;8173
2702;8173
2703;8172
2704;8173
2705;8175
2706;8178
2707;8184
2708;8195
2709;8208
2710;8227
2711;8253
2712;8288
2713;8328
2714;8372
2715;8418
2716;8461
2717;8502
2718;8542
2719;8580
2720;8613
2721;8639
2722;8653
2723;8646
2724;8611
2725;8551
2726;8475
2727;8399
2728;8326
2729;8260
2730;8207
2731;8169
2732;8145
2733;8130
2734;8123
2735;8120
2736;8118
2737;8115
2738;8113
2739;8114
2740;8117
2741;8121
2742;8126
2743;8132
2744;8137
2745;8139
2746;8140
2747;8141
2748;8144
2749;8145
2750;8145
2751;8145
2752;8146
2753;8148
2754;8149
2755;8149
2756;8150
2757;8150
2758;8151
2759;8153
2760;8154
2761;8154
2762;8154
2763;8155
2764;8156
2765;8156
2766;8156
2767;8157
2768;8160
2769;8162
2770;8164
2771;8164
2772;8163
2773;8164
2774;8165
2775;8166
2776;8164
2777;8163
2778;8165
2779;8167
2780;8168
2781;8167
2782;8168
2783;8167
2784;8168
2785;8168
2786;8169
2787;8170
2788;8172
2789;8174
2790;8175
2791;8174
2792;8174
2793;8175
2794;8178
2795;8180
2796;8181
2797;8180
2798;8181
2799;8184
2800;8187
2801;8187
2802;8185
2803;8186
2804;8190
2805;8194
2806;8194
2807;8194
2808;8194
2809;8196
2810;8197
2811;8198
2812;8199
2813;8202
2814;8204
2815;8207
2816;8209
2817;8212
2818;8216
2819;8220
2820;8222
2821;8225
2822;8226
2823;8226
2824;8228
2825;8230
2826;8231
2827;8232
2828;8234
2829;8237
2830;8240
2831;8243
2832;8244
2833;8246
2834;8247
2835;8250
2836;8252
2837;8254
2838;8254
2839;8252
2840;8251
2841;8251
2842;8251
2843;8251
2844;8251
2845;8250
2846;8249
2847;8248
2848;8246
2849;8243
2850;8238
2851;8236
2852;8233
2853;8230
2854;8230
2855;8231
2856;8228
2857;8223
2858;8218
2859;8213
2860;8210
2861;8207
2862;8203
2863;8201
2864;8197
2865;8194
2866;8189
2867;8186
2868;8182
2869;8178
2870;8174
2871;8173
2872;8172
2873;8170
2874;8169
2875;8168
2876;8167
2877;8165
2878;8162
2879;8161
2880;8161
2881;8161
2882;8160
2883;8158
2884;8158
2885;8157
2886;8157
2887;8158
2888;8159
2889;8159
2890;8158
2891;8158
2892;8159
2893;8159
2894;8157
2895;8156
2896;8158
2897;8161
2898;8162
2899;8160
2900;8161
2901;8161
2902;8160
2903;8159
2904;8159
2905;8159
2906;8161
2907;8163
2908;8163
2909;8161
2910;8160
2911;8159
2912;8160
2913;8161
2914;8161
2915;8161
2916;8162
2917;8162
2918;8161
2919;8161
2920;8163
2921;8164
2922;8164
2923;8164
2924;8163
2925;8162
2926;8161
2927;8163
2928;8166
2929;8165
2930;8162
2931;8163
2932;8166
2933;8166
2934;8165
2935;8163
2936;8162
2937;8161
2938;8161
2939;8164
2940;8166
2941;8166
2942;8165
2943;8164
2944;8164
2945;8166
2946;8167
2947;8166
2948;8166
2949;8168
2950;8169
2951;8171
2952;8173
2953;8171
2954;8167
2955;8166
2956;8164
2957;8163
2958;8163
2959;8163
2960;8163
2961;8163
2962;8165
2963;8167
2964;8169
2965;8170
2966;8172
2967;8170
2968;8168
2969;8168
2970;8169
2971;8169
2972;8168
2973;8167
2974;8167
2975;8167
2976;8165
2977;8164
2978;8165
2979;8165
2980;8166
2981;8169
2982;8169
2983;8168
2984;8167
2985;8166
2986;8163
2987;8163
2988;8166
2989;8168
2990;8169
2991;8168
2992;8168
2993;8169
2994;8170
2995;8170
2996;8168
2997;8167
2998;8167
2999;8168
3000;8168
3001;8169
3002;8169
3003;8168
3004;8167
3005;8167
3006;8168
3007;8170
3008;8170
3009;8170
3010;8171
3011;8171
3012;8172
3013;8174
3014;8172
3015;8171
3016;8170
3017;8170
3018;8171
3019;8171
3020;8171
3021;8171
3022;8171
3023;8171
3024;8171
3025;8170
3026;8171
3027;8174
3028;8176
3029;8178
3030;8180
3031;8179
3032;8178
3033;8177
3034;8177
3035;8179
3036;8183
3037;8183
3038;8182
3039;8183
3040;8185
3041;8188
3042;8190
3043;8192
3044;8193
3045;8192
3046;8192
3047;8193
3048;8193
3049;8193
3050;8193
3051;8195
3052;8196
3053;8194
3054;8187
3055;8182
3056;8180
3057;8180
3058;8181
3059;8182
3060;8183
3061;8183
3062;8181
3063;8177
3064;8175
3065;8174
3066;8175
3067;8177
3068;8179
3069;8178
3070;8176
3071;8174
3072;8174
3073;8174
3074;8175
3075;8174
3076;8172
3077;8171
3078;8173
3079;8176
3080;8178
3081;8177
3082;8176
3083;8176
3084;8175
3085;8176
3086;8177
3087;8180
3088;8181
3089;8179
3090;8177
3091;8177
3092;8178
3093;8181
3094;8182
3095;8180
3096;8180
3097;8182
3098;8187
3099;8194
3100;8204
3101;8220
3102;8243
3103;8273
3104;8310
3105;8349
3106;8392
3107;8437
3108;8478
3109;8517
3110;8556
3111;8589
3112;8617
3113;8634
3114;8632
3115;8605
3116;8553
3117;8484
3118;8406
3119;8331
3120;8268
3121;8218
3122;8179
3123;8153
3124;8136
3125;8127
3126;8124
3127;8124
3128;8124
3129;8121
3130;8117
3131;8116
3132;8120
3133;8127
3134;8132
3135;8135
3136;8137
3137;8139
3138;8144
3139;8148
3140;8149
3141;8150
3142;8152
3143;8152
3144;8148
3145;8149
3146;8151
3147;8152
3148;8153
3149;8155
3150;8158
3151;8159
3152;8159
3153;8159
3154;8161
3155;8162
3156;8161
3157;8161
3158;8163
3159;8163
3160;8162
3161;8164
3162;8166
3163;8167
3164;8166
3165;8164
3166;8163
3167;8165
3168;8168
3169;8168
3170;8168
3171;8168
3172;8169
3173;8172
3174;8174
3175;8175
3176;8176
3177;8176
3178;8177
3179;8179
3180;8180
3181;8179
3182;8179
3183;8180
3184;8181
3185;8183
3186;8184
3187;8184
3188;8184
3189;8185
3190;8187
3191;8189
3192;8188
3193;8186
3194;8188
3195;8193
3196;8195
3197;8195
3198;8194
3199;8194
3200;8196
3201;8199
3202;8203
3203;8207
3204;8209
3205;8208
3206;8209
3207;8210
3208;8212
3209;8216
3210;8221
3211;8223
3212;8222
3213;8222
3214;8224
3215;8227
3216;8230
3217;8232
3218;8234
3219;8237
3220;8239
3221;8242
3222;8244
3223;8245
3224;8247
3225;8248
3226;8249
3227;8251
3228;8251
3229;8251
3230;8250
3231;8250
3232;8250
3233;8249
3234;8247
3235;8246
3236;8245
3237;8244
3238;8243
3239;8241
3240;8239
3241;8237
3242;8235
3243;8233
3244;8231
3245;8228
3246;8226
3247;8223
3248;8219
3249;8216
3250;8212
3251;8209
3252;8206
3253;8203
3254;8200
3255;8198
3256;8194
3257;8188
3258;8184
3259;8181
3260;8178
3261;8176
3262;8173
3263;8170
3264;8168
3265;8166
3266;8164
3267;8162
3268;8161
3269;8160
3270;8160
3271;8161
3272;8161
3273;8160
3274;8159
3275;8158
3276;8158
3277;8157
3278;8157
3279;8156
3280;8155
3281;8153
3282;8153
3283;8151
3284;8151
3285;8151
3286;8151
3287;8151
3288;8151
3289;8151
3290;8151
3291;8151
3292;8152
3293;8152
3294;8153
3295;8154
3296;8154
3297;8154
3298;8155
3299;8155
3300;8156
3301;8157
3302;8158
3303;8158
3304;8159
3305;8158
3306;8156
3307;8156
3308;8156
3309;8157
3310;8158
3311;8159
3312;8160
3313;8159
3314;8158
3315;8157
3316;8156
3317;8156
3318;8157
3319;8157
3320;8157
3321;8157
3322;8156
3323;8155
3324;8156
3325;8157
3326;8158
3327;8159
3328;8160
3329;8161
3330;8161
3331;8162
3332;8162
3333;8162
3334;8162
3335;8162
3336;8161
3337;8161
3338;8160
3339;8158
3340;8157
3341;8156
3342;8155
3343;8155
3344;8155
3345;8155
3346;8155
3347;8155
3348;8156
3349;8156
3350;8156
3351;8157
3352;8158
3353;8159
3354;8159
3355;8159
3356;8160
3357;8160
3358;8160
3359;8160
3360;8160
3361;8161
3362;8160
3363;8159
3364;8157
3365;8156
3366;8155
3367;8155
3368;8155
3369;8156
3370;8156
3371;8157
3372;8158
3373;8158
3374;8158
3375;8158
3376;8158
3377;8158
3378;8158
3379;8157
3380;8157
3381;8157
3382;8156
3383;8155
3384;8155
3385;8156
3386;8156
3387;8156
3388;8156
3389;8155
3390;8155
3391;8155
3392;8155
3393;8156
3394;8157
3395;8159
3396;8160
3397;8160
3398;8160
3399;8160